0.000000 1.000000 1.000000
0.010000 1.000036 0.999912
0.020000 1.000046 0.999150
0.030000 1.000028 0.997716
0.040000 0.999984 0.995617
0.050000 0.999912 0.992860
0.060000 0.999814 0.989455
0.070000 0.999688 0.985415
0.080000 0.999536 0.980755
0.090000 0.999356 0.975490
0.100000 0.999150 0.969640
0.110000 0.998917 0.963223
0.120000 0.998657 0.956261
0.130000 0.998370 0.948777
0.140000 0.998057 0.940794
0.150000 0.997716 0.932337
0.160000 0.997350 0.923432
0.170000 0.996956 0.914103
0.180000 0.996536 0.904379
0.190000 0.996090 0.894284
0.200000 0.995617 0.883846
0.210000 0.995118 0.873091
0.220000 0.994593 0.862045
0.230000 0.994041 0.850735
0.240000 0.993464 0.839187
0.250000 0.992860 0.827424
0.260000 0.992230 0.815472
0.270000 0.991575 0.803355
0.280000 0.990894 0.791094
0.290000 0.990187 0.778714
0.300000 0.989455 0.766234
0.310000 0.988698 0.753676
0.320000 0.987915 0.741058
0.330000 0.987107 0.728400
0.340000 0.986274 0.715718
0.350000 0.985415 0.703031
0.360000 0.984533 0.690353
0.370000 0.983625 0.677700
0.380000 0.982693 0.665084
0.390000 0.981736 0.652521
0.400000 0.980755 0.640020
0.410000 0.979750 0.627595
0.420000 0.978721 0.615255
0.430000 0.977668 0.603011
0.440000 0.976591 0.590870
0.450000 0.975490 0.578842
0.460000 0.974366 0.566934
0.470000 0.973219 0.555152
0.480000 0.972049 0.543503
0.490000 0.970856 0.531993
0.500000 0.969640 0.520627
0.510000 0.968401 0.509408
0.520000 0.967140 0.498342
0.530000 0.965856 0.487431
0.540000 0.964550 0.476679
0.550000 0.963223 0.466087
0.560000 0.961873 0.455660
0.570000 0.960502 0.445397
0.580000 0.959110 0.435301
0.590000 0.957696 0.425373
0.600000 0.956261 0.415613
0.610000 0.954805 0.406023
0.620000 0.953329 0.396601
0.630000 0.951832 0.387350
0.640000 0.950314 0.378267
0.650000 0.948777 0.369353
0.660000 0.947219 0.360607
0.670000 0.945642 0.352029
0.680000 0.944045 0.343617
0.690000 0.942429 0.335370
0.700000 0.940794 0.327287
0.710000 0.939140 0.319367
0.720000 0.937467 0.311607
0.730000 0.935775 0.304007
0.740000 0.934065 0.296565
0.750000 0.932337 0.289279
0.760000 0.930591 0.282147
0.770000 0.928827 0.275167
0.780000 0.927046 0.268337
0.790000 0.925248 0.261656
0.800000 0.923432 0.255120
0.810000 0.921599 0.248729
0.820000 0.919750 0.242479
0.830000 0.917884 0.236368
0.840000 0.916002 0.230395
0.850000 0.914103 0.224557
0.860000 0.912189 0.218851
0.870000 0.910260 0.213277
0.880000 0.908314 0.207830
0.890000 0.906354 0.202510
0.900000 0.904379 0.197313
0.910000 0.902388 0.192238
0.920000 0.900384 0.187282
0.930000 0.898364 0.182443
0.940000 0.896331 0.177719
0.950000 0.894284 0.173108
0.960000 0.892223 0.168607
0.970000 0.890148 0.164213
0.980000 0.888060 0.159926
0.990000 0.885960 0.155743
1.000000 0.883846 0.151661
1.010000 0.881719 0.147679
1.020000 0.879580 0.143795
1.030000 0.877429 0.140006
1.040000 0.875266 0.136310
1.050000 0.873091 0.132706
1.060000 0.870904 0.129191
1.070000 0.868706 0.125764
1.080000 0.866497 0.122422
1.090000 0.864276 0.119164
1.100000 0.862045 0.115988
1.110000 0.859804 0.112891
1.120000 0.857552 0.109873
1.130000 0.855289 0.106932
1.140000 0.853017 0.104065
1.150000 0.850735 0.101271
1.160000 0.848444 0.098548
1.170000 0.846143 0.095895
1.180000 0.843833 0.093310
1.190000 0.841514 0.090792
1.200000 0.839187 0.088338
1.210000 0.836850 0.085948
1.220000 0.834506 0.083619
1.230000 0.832153 0.081351
1.240000 0.829793 0.079141
1.250000 0.827424 0.076990
1.260000 0.825048 0.074894
1.270000 0.822665 0.072853
1.280000 0.820274 0.070865
1.290000 0.817877 0.068930
1.300000 0.815472 0.067046
1.310000 0.813061 0.065211
1.320000 0.810644 0.063424
1.330000 0.808220 0.061685
1.340000 0.805790 0.059991
1.350000 0.803355 0.058343
1.360000 0.800913 0.056738
1.370000 0.798466 0.055176
1.380000 0.796014 0.053655
1.390000 0.793557 0.052175
1.400000 0.791094 0.050734
1.410000 0.788627 0.049332
1.420000 0.786155 0.047968
1.430000 0.783679 0.046640
1.440000 0.781199 0.045348
1.450000 0.778714 0.044090
1.460000 0.776225 0.042867
1.470000 0.773733 0.041676
1.480000 0.771237 0.040518
1.490000 0.768737 0.039390
1.500000 0.766234 0.038294
1.510000 0.763728 0.037227
1.520000 0.761219 0.036188
1.530000 0.758707 0.035179
1.540000 0.756193 0.034196
1.550000 0.753676 0.033240
1.560000 0.751156 0.032311
1.570000 0.748635 0.031406
1.580000 0.746111 0.030527
1.590000 0.743585 0.029671
1.600000 0.741058 0.028839
1.610000 0.738529 0.028030
1.620000 0.735998 0.027243
1.630000 0.733467 0.026477
1.640000 0.730934 0.025732
1.650000 0.728400 0.025008
1.660000 0.725865 0.024304
1.670000 0.723329 0.023619
1.680000 0.720793 0.022954
1.690000 0.718256 0.022306
1.700000 0.715718 0.021676
1.710000 0.713181 0.021064
1.720000 0.710643 0.020469
1.730000 0.708106 0.019890
1.740000 0.705568 0.019327
1.750000 0.703031 0.018780
1.760000 0.700494 0.018248
1.770000 0.697958 0.017731
1.780000 0.695422 0.017228
1.790000 0.692887 0.016740
1.800000 0.690353 0.016264
1.810000 0.687820 0.015803
1.820000 0.685288 0.015354
1.830000 0.682757 0.014917
1.840000 0.680228 0.014493
1.850000 0.677700 0.014080
1.860000 0.675173 0.013679
1.870000 0.672648 0.013290
1.880000 0.670125 0.012911
1.890000 0.667604 0.012543
1.900000 0.665084 0.012185
1.910000 0.662567 0.011837
1.920000 0.660052 0.011499
1.930000 0.657539 0.011171
1.940000 0.655029 0.010851
1.950000 0.652521 0.010541
1.960000 0.650015 0.010239
1.970000 0.647512 0.009946
1.980000 0.645012 0.009662
1.990000 0.642515 0.009385
2.000000 0.640020 0.009116
2.010000 0.637529 0.008855
2.020000 0.635041 0.008601
2.030000 0.632556 0.008354
2.040000 0.630074 0.008114
2.050000 0.627595 0.007881
2.060000 0.625120 0.007655
2.070000 0.622648 0.007435
2.080000 0.620180 0.007221
2.090000 0.617716 0.007013
2.100000 0.615255 0.006811
2.110000 0.612799 0.006615
2.120000 0.610346 0.006425
2.130000 0.607897 0.006240
2.140000 0.605452 0.006060
2.150000 0.603011 0.005885
2.160000 0.600574 0.005716
2.170000 0.598142 0.005551
2.180000 0.595713 0.005391
2.190000 0.593290 0.005235
2.200000 0.590870 0.005084
2.210000 0.588455 0.004937
2.220000 0.586045 0.004794
2.230000 0.583639 0.004656
2.240000 0.581238 0.004521
2.250000 0.578842 0.004390
2.260000 0.576451 0.004263
2.270000 0.574064 0.004140
2.280000 0.571682 0.004020
2.290000 0.569305 0.003903
2.300000 0.566934 0.003790
2.310000 0.564567 0.003680
2.320000 0.562205 0.003574
2.330000 0.559849 0.003470
2.340000 0.557498 0.003369
2.350000 0.555152 0.003272
2.360000 0.552811 0.003177
2.370000 0.550476 0.003084
2.380000 0.548147 0.002995
2.390000 0.545822 0.002908
2.400000 0.543503 0.002823
2.410000 0.541190 0.002741
2.420000 0.538882 0.002662
2.430000 0.536580 0.002584
2.440000 0.534284 0.002509
2.450000 0.531993 0.002436
2.460000 0.529708 0.002365
2.470000 0.527429 0.002296
2.480000 0.525156 0.002229
2.490000 0.522888 0.002164
2.500000 0.520627 0.002101
2.510000 0.518371 0.002040
2.520000 0.516121 0.001980
2.530000 0.513878 0.001923
2.540000 0.511640 0.001867
2.550000 0.509408 0.001812
2.560000 0.507183 0.001759
2.570000 0.504963 0.001708
2.580000 0.502750 0.001658
2.590000 0.500543 0.001610
2.600000 0.498342 0.001563
2.610000 0.496147 0.001517
2.620000 0.493959 0.001472
2.630000 0.491776 0.001429
2.640000 0.489601 0.001388
2.650000 0.487431 0.001347
2.660000 0.485268 0.001308
2.670000 0.483111 0.001269
2.680000 0.480960 0.001232
2.690000 0.478816 0.001196
2.700000 0.476679 0.001161
2.710000 0.474547 0.001127
2.720000 0.472423 0.001094
2.730000 0.470304 0.001062
2.740000 0.468193 0.001031
2.750000 0.466087 0.001001
2.760000 0.463989 0.000971
2.770000 0.461897 0.000943
2.780000 0.459811 0.000915
2.790000 0.457732 0.000888
2.800000 0.455660 0.000862
2.810000 0.453594 0.000837
2.820000 0.451535 0.000812
2.830000 0.449482 0.000788
2.840000 0.447436 0.000765
2.850000 0.445397 0.000743
2.860000 0.443365 0.000721
2.870000 0.441339 0.000700
2.880000 0.439319 0.000679
2.890000 0.437307 0.000659
2.900000 0.435301 0.000640
2.910000 0.433302 0.000621
2.920000 0.431310 0.000603
2.930000 0.429324 0.000585
2.940000 0.427345 0.000568
2.950000 0.425373 0.000551
2.960000 0.423407 0.000535
2.970000 0.421449 0.000519
2.980000 0.419497 0.000504
2.990000 0.417552 0.000489
3.000000 0.415613 0.000475
3.010000 0.413682 0.000461
3.020000 0.411757 0.000447
3.030000 0.409839 0.000434
3.040000 0.407927 0.000421
3.050000 0.406023 0.000409
3.060000 0.404125 0.000397
3.070000 0.402234 0.000385
3.080000 0.400350 0.000373
3.090000 0.398472 0.000362
3.100000 0.396601 0.000352
3.110000 0.394738 0.000341
3.120000 0.392880 0.000331
3.130000 0.391030 0.000321
3.140000 0.389186 0.000312
3.150000 0.387350 0.000303
3.160000 0.385520 0.000294
3.170000 0.383696 0.000285
3.180000 0.381880 0.000277
3.190000 0.380070 0.000269
3.200000 0.378267 0.000261
3.210000 0.376471 0.000253
3.220000 0.374681 0.000245
3.230000 0.372898 0.000238
3.240000 0.371122 0.000231
3.250000 0.369353 0.000224
3.260000 0.367591 0.000218
3.270000 0.365835 0.000211
3.280000 0.364086 0.000205
3.290000 0.362343 0.000199
3.300000 0.360607 0.000193
3.310000 0.358878 0.000187
3.320000 0.357156 0.000182
3.330000 0.355440 0.000176
3.340000 0.353731 0.000171
3.350000 0.352029 0.000166
3.360000 0.350333 0.000161
3.370000 0.348644 0.000156
3.380000 0.346962 0.000152
3.390000 0.345286 0.000147
3.400000 0.343617 0.000143
3.410000 0.341954 0.000139
3.420000 0.340298 0.000134
3.430000 0.338649 0.000130
3.440000 0.337006 0.000127
3.450000 0.335370 0.000123
3.460000 0.333740 0.000119
3.470000 0.332117 0.000116
3.480000 0.330501 0.000112
3.490000 0.328891 0.000109
3.500000 0.327287 0.000106
3.510000 0.325690 0.000103
3.520000 0.324099 0.000099
3.530000 0.322515 0.000097
3.540000 0.320938 0.000094
3.550000 0.319367 0.000091
3.560000 0.317802 0.000088
3.570000 0.316244 0.000086
3.580000 0.314692 0.000083
3.590000 0.313146 0.000081
3.600000 0.311607 0.000078
3.610000 0.310075 0.000076
3.620000 0.308548 0.000074
3.630000 0.307028 0.000071
3.640000 0.305515 0.000069
3.650000 0.304007 0.000067
3.660000 0.302506 0.000065
3.670000 0.301012 0.000063
3.680000 0.299523 0.000061
3.690000 0.298041 0.000060
3.700000 0.296565 0.000058
3.710000 0.295096 0.000056
3.720000 0.293632 0.000054
3.730000 0.292175 0.000053
3.740000 0.290724 0.000051
3.750000 0.289279 0.000050
3.760000 0.287841 0.000048
3.770000 0.286408 0.000047
3.780000 0.284982 0.000045
3.790000 0.283561 0.000044
3.800000 0.282147 0.000043
3.810000 0.280739 0.000041
3.820000 0.279337 0.000040
3.830000 0.277941 0.000039
3.840000 0.276551 0.000038
3.850000 0.275167 0.000037
3.860000 0.273789 0.000036
3.870000 0.272417 0.000035
3.880000 0.271051 0.000034
3.890000 0.269692 0.000033
3.900000 0.268337 0.000032
3.910000 0.266989 0.000031
3.920000 0.265647 0.000030
3.930000 0.264311 0.000029
3.940000 0.262980 0.000028
3.950000 0.261656 0.000027
3.960000 0.260337 0.000026
3.970000 0.259024 0.000026
3.980000 0.257717 0.000025
3.990000 0.256416 0.000024
4.000000 0.255120 0.000023
4.010000 0.253830 0.000023
4.020000 0.252546 0.000022
4.030000 0.251268 0.000021
4.040000 0.249995 0.000021
4.050000 0.248729 0.000020
4.060000 0.247467 0.000019
4.070000 0.246212 0.000019
4.080000 0.244962 0.000018
4.090000 0.243717 0.000018
4.100000 0.242479 0.000017
4.110000 0.241245 0.000017
4.120000 0.240018 0.000016
4.130000 0.238796 0.000016
4.140000 0.237579 0.000015
4.150000 0.236368 0.000015
4.160000 0.235162 0.000014
4.170000 0.233962 0.000014
4.180000 0.232768 0.000013
4.190000 0.231579 0.000013
4.200000 0.230395 0.000013
4.210000 0.229217 0.000012
4.220000 0.228044 0.000012
4.230000 0.226876 0.000012
4.240000 0.225714 0.000011
4.250000 0.224557 0.000011
4.260000 0.223405 0.000011
4.270000 0.222259 0.000010
4.280000 0.221118 0.000010
4.290000 0.219982 0.000010
4.300000 0.218851 0.000009
4.310000 0.217726 0.000009
4.320000 0.216606 0.000009
4.330000 0.215491 0.000009
4.340000 0.214381 0.000008
4.350000 0.213277 0.000008
4.360000 0.212177 0.000008
4.370000 0.211083 0.000008
4.380000 0.209994 0.000007
4.390000 0.208909 0.000007
4.400000 0.207830 0.000007
4.410000 0.206756 0.000007
4.420000 0.205687 0.000006
4.430000 0.204623 0.000006
4.440000 0.203564 0.000006
4.450000 0.202510 0.000006
4.460000 0.201461 0.000006
4.470000 0.200417 0.000006
4.480000 0.199377 0.000005
4.490000 0.198343 0.000005
4.500000 0.197313 0.000005
4.510000 0.196289 0.000005
4.520000 0.195269 0.000005
4.530000 0.194254 0.000005
4.540000 0.193244 0.000005
4.550000 0.192238 0.000004
4.560000 0.191238 0.000004
4.570000 0.190242 0.000004
4.580000 0.189251 0.000004
4.590000 0.188264 0.000004
4.600000 0.187282 0.000004
4.610000 0.186305 0.000004
4.620000 0.185333 0.000004
4.630000 0.184365 0.000003
4.640000 0.183402 0.000003
4.650000 0.182443 0.000003
4.660000 0.181490 0.000003
4.670000 0.180540 0.000003
4.680000 0.179595 0.000003
4.690000 0.178655 0.000003
4.700000 0.177719 0.000003
4.710000 0.176788 0.000003
4.720000 0.175861 0.000003
4.730000 0.174939 0.000003
4.740000 0.174021 0.000002
4.750000 0.173108 0.000002
4.760000 0.172199 0.000002
4.770000 0.171294 0.000002
4.780000 0.170394 0.000002
4.790000 0.169498 0.000002
4.800000 0.168607 0.000002
4.810000 0.167719 0.000002
4.820000 0.166836 0.000002
4.830000 0.165958 0.000002
4.840000 0.165083 0.000002
4.850000 0.164213 0.000002
4.860000 0.163348 0.000002
4.870000 0.162486 0.000002
4.880000 0.161629 0.000002
4.890000 0.160775 0.000002
4.900000 0.159926 0.000002
4.910000 0.159081 0.000001
4.920000 0.158241 0.000001
4.930000 0.157404 0.000001
4.940000 0.156571 0.000001
4.950000 0.155743 0.000001
4.960000 0.154919 0.000001
4.970000 0.154098 0.000001
4.980000 0.153282 0.000001
4.990000 0.152470 0.000001
5.000000 0.151661 0.000001
5.010000 0.150857 0.000001
5.020000 0.150057 0.000001
5.030000 0.149260 0.000001
5.040000 0.148468 0.000001
5.050000 0.147679 0.000001
5.060000 0.146895 0.000001
5.070000 0.146114 0.000001
5.080000 0.145337 0.000001
5.090000 0.144564 0.000001
5.100000 0.143795 0.000001
5.110000 0.143029 0.000001
5.120000 0.142268 0.000001
5.130000 0.141510 0.000001
5.140000 0.140756 0.000001
5.150000 0.140006 0.000001
5.160000 0.139259 0.000001
5.170000 0.138516 0.000001
5.180000 0.137777 0.000001
5.190000 0.137042 0.000001
5.200000 0.136310 0.000001
5.210000 0.135582 0.000001
5.220000 0.134857 0.000001
5.230000 0.134137 0.000001
5.240000 0.133419 0.000001
5.250000 0.132706 0.000001
5.260000 0.131996 0.000000
5.270000 0.131289 0.000000
5.280000 0.130586 0.000000
5.290000 0.129887 0.000000
5.300000 0.129191 0.000000
5.310000 0.128499 0.000000
5.320000 0.127810 0.000000
5.330000 0.127124 0.000000
5.340000 0.126442 0.000000
5.350000 0.125764 0.000000
5.360000 0.125089 0.000000
5.370000 0.124417 0.000000
5.380000 0.123748 0.000000
5.390000 0.123084 0.000000
5.400000 0.122422 0.000000
5.410000 0.121764 0.000000
5.420000 0.121109 0.000000
5.430000 0.120457 0.000000
5.440000 0.119809 0.000000
5.450000 0.119164 0.000000
5.460000 0.118522 0.000000
5.470000 0.117884 0.000000
5.480000 0.117248 0.000000
5.490000 0.116616 0.000000
5.500000 0.115988 0.000000
5.510000 0.115362 0.000000
5.520000 0.114740 0.000000
5.530000 0.114120 0.000000
5.540000 0.113504 0.000000
5.550000 0.112891 0.000000
5.560000 0.112282 0.000000
5.570000 0.111675 0.000000
5.580000 0.111071 0.000000
5.590000 0.110471 0.000000
5.600000 0.109873 0.000000
5.610000 0.109279 0.000000
5.620000 0.108688 0.000000
5.630000 0.108099 0.000000
5.640000 0.107514 0.000000
5.650000 0.106932 0.000000
5.660000 0.106353 0.000000
5.670000 0.105776 0.000000
5.680000 0.105203 0.000000
5.690000 0.104632 0.000000
5.700000 0.104065 0.000000
5.710000 0.103500 0.000000
5.720000 0.102939 0.000000
5.730000 0.102380 0.000000
5.740000 0.101824 0.000000
5.750000 0.101271 0.000000
5.760000 0.100721 0.000000
5.770000 0.100173 0.000000
5.780000 0.099629 0.000000
5.790000 0.099087 0.000000
5.800000 0.098548 0.000000
5.810000 0.098012 0.000000
5.820000 0.097479 0.000000
5.830000 0.096948 0.000000
5.840000 0.096420 0.000000
5.850000 0.095895 0.000000
5.860000 0.095373 0.000000
5.870000 0.094853 0.000000
5.880000 0.094336 0.000000
5.890000 0.093822 0.000000
5.900000 0.093310 0.000000
5.910000 0.092801 0.000000
5.920000 0.092295 0.000000
5.930000 0.091791 0.000000
5.940000 0.091290 0.000000
5.950000 0.090792 0.000000
5.960000 0.090296 0.000000
5.970000 0.089803 0.000000
5.980000 0.089312 0.000000
5.990000 0.088824 0.000000
6.000000 0.088338 0.000000
6.010000 0.087855 0.000000
6.020000 0.087374 0.000000
6.030000 0.086896 0.000000
6.040000 0.086421 0.000000
6.050000 0.085948 0.000000
6.060000 0.085477 0.000000
6.070000 0.085009 0.000000
6.080000 0.084543 0.000000
6.090000 0.084080 0.000000
6.100000 0.083619 0.000000
6.110000 0.083161 0.000000
6.120000 0.082705 0.000000
6.130000 0.082251 0.000000
6.140000 0.081800 0.000000
6.150000 0.081351 0.000000
6.160000 0.080904 0.000000
6.170000 0.080460 0.000000
6.180000 0.080018 0.000000
6.190000 0.079579 0.000000
6.200000 0.079141 0.000000
6.210000 0.078707 0.000000
6.220000 0.078274 0.000000
6.230000 0.077844 0.000000
6.240000 0.077415 0.000000
6.250000 0.076990 0.000000
6.260000 0.076566 0.000000
6.270000 0.076145 0.000000
6.280000 0.075726 0.000000
6.290000 0.075309 0.000000
6.300000 0.074894 0.000000
6.310000 0.074481 0.000000
6.320000 0.074071 0.000000
6.330000 0.073663 0.000000
6.340000 0.073257 0.000000
6.350000 0.072853 0.000000
6.360000 0.072451 0.000000
6.370000 0.072052 0.000000
6.380000 0.071654 0.000000
6.390000 0.071259 0.000000
6.400000 0.070865 0.000000
6.410000 0.070474 0.000000
6.420000 0.070085 0.000000
6.430000 0.069698 0.000000
6.440000 0.069313 0.000000
6.450000 0.068930 0.000000
6.460000 0.068549 0.000000
6.470000 0.068170 0.000000
6.480000 0.067793 0.000000
6.490000 0.067418 0.000000
6.500000 0.067046 0.000000
6.510000 0.066675 0.000000
6.520000 0.066306 0.000000
6.530000 0.065939 0.000000
6.540000 0.065574 0.000000
6.550000 0.065211 0.000000
6.560000 0.064849 0.000000
6.570000 0.064490 0.000000
6.580000 0.064133 0.000000
6.590000 0.063777 0.000000
6.600000 0.063424 0.000000
6.610000 0.063072 0.000000
6.620000 0.062723 0.000000
6.630000 0.062375 0.000000
6.640000 0.062029 0.000000
6.650000 0.061685 0.000000
6.660000 0.061342 0.000000
6.670000 0.061002 0.000000
6.680000 0.060663 0.000000
6.690000 0.060326 0.000000
6.700000 0.059991 0.000000
6.710000 0.059658 0.000000
6.720000 0.059326 0.000000
6.730000 0.058997 0.000000
6.740000 0.058669 0.000000
6.750000 0.058343 0.000000
6.760000 0.058018 0.000000
6.770000 0.057695 0.000000
6.780000 0.057374 0.000000
6.790000 0.057055 0.000000
6.800000 0.056738 0.000000
6.810000 0.056422 0.000000
6.820000 0.056108 0.000000
6.830000 0.055795 0.000000
6.840000 0.055485 0.000000
6.850000 0.055176 0.000000
6.860000 0.054868 0.000000
6.870000 0.054562 0.000000
6.880000 0.054258 0.000000
6.890000 0.053956 0.000000
6.900000 0.053655 0.000000
6.910000 0.053356 0.000000
6.920000 0.053058 0.000000
6.930000 0.052762 0.000000
6.940000 0.052468 0.000000
6.950000 0.052175 0.000000
6.960000 0.051884 0.000000
6.970000 0.051594 0.000000
6.980000 0.051306 0.000000
6.990000 0.051019 0.000000
7.000000 0.050734 0.000000
7.010000 0.050451 0.000000
7.020000 0.050169 0.000000
7.030000 0.049889 0.000000
7.040000 0.049610 0.000000
7.050000 0.049332 0.000000
7.060000 0.049057 0.000000
7.070000 0.048782 0.000000
7.080000 0.048509 0.000000
7.090000 0.048238 0.000000
7.100000 0.047968 0.000000
7.110000 0.047700 0.000000
7.120000 0.047433 0.000000
7.130000 0.047167 0.000000
7.140000 0.046903 0.000000
7.150000 0.046640 0.000000
7.160000 0.046379 0.000000
7.170000 0.046119 0.000000
7.180000 0.045861 0.000000
7.190000 0.045604 0.000000
7.200000 0.045348 0.000000
7.210000 0.045094 0.000000
7.220000 0.044841 0.000000
7.230000 0.044589 0.000000
7.240000 0.044339 0.000000
7.250000 0.044090 0.000000
7.260000 0.043843 0.000000
7.270000 0.043597 0.000000
7.280000 0.043352 0.000000
7.290000 0.043109 0.000000
7.300000 0.042867 0.000000
7.310000 0.042626 0.000000
7.320000 0.042387 0.000000
7.330000 0.042148 0.000000
7.340000 0.041912 0.000000
7.350000 0.041676 0.000000
7.360000 0.041442 0.000000
7.370000 0.041209 0.000000
7.380000 0.040977 0.000000
7.390000 0.040747 0.000000
7.400000 0.040518 0.000000
7.410000 0.040290 0.000000
7.420000 0.040063 0.000000
7.430000 0.039837 0.000000
7.440000 0.039613 0.000000
7.450000 0.039390 0.000000
7.460000 0.039169 0.000000
7.470000 0.038948 0.000000
7.480000 0.038729 0.000000
7.490000 0.038511 0.000000
7.500000 0.038294 0.000000
7.510000 0.038078 0.000000
7.520000 0.037863 0.000000
7.530000 0.037650 0.000000
7.540000 0.037438 0.000000
7.550000 0.037227 0.000000
7.560000 0.037017 0.000000
7.570000 0.036808 0.000000
7.580000 0.036600 0.000000
7.590000 0.036394 0.000000
7.600000 0.036188 0.000000
7.610000 0.035984 0.000000
7.620000 0.035781 0.000000
7.630000 0.035579 0.000000
7.640000 0.035378 0.000000
7.650000 0.035179 0.000000
7.660000 0.034980 0.000000
7.670000 0.034782 0.000000
7.680000 0.034586 0.000000
7.690000 0.034390 0.000000
7.700000 0.034196 0.000000
7.710000 0.034003 0.000000
7.720000 0.033811 0.000000
7.730000 0.033620 0.000000
7.740000 0.033429 0.000000
7.750000 0.033240 0.000000
7.760000 0.033052 0.000000
7.770000 0.032865 0.000000
7.780000 0.032680 0.000000
7.790000 0.032495 0.000000
7.800000 0.032311 0.000000
7.810000 0.032128 0.000000
7.820000 0.031946 0.000000
7.830000 0.031765 0.000000
7.840000 0.031585 0.000000
7.850000 0.031406 0.000000
7.860000 0.031229 0.000000
7.870000 0.031052 0.000000
7.880000 0.030876 0.000000
7.890000 0.030701 0.000000
7.900000 0.030527 0.000000
7.910000 0.030354 0.000000
7.920000 0.030182 0.000000
7.930000 0.030011 0.000000
7.940000 0.029840 0.000000
7.950000 0.029671 0.000000
7.960000 0.029503 0.000000
7.970000 0.029336 0.000000
7.980000 0.029169 0.000000
7.990000 0.029004 0.000000
8.000000 0.028839 0.000000
8.010000 0.028675 0.000000
8.020000 0.028513 0.000000
8.030000 0.028351 0.000000
8.040000 0.028190 0.000000
8.050000 0.028030 0.000000
8.060000 0.027871 0.000000
8.070000 0.027712 0.000000
8.080000 0.027555 0.000000
8.090000 0.027398 0.000000
8.100000 0.027243 0.000000
8.110000 0.027088 0.000000
8.120000 0.026934 0.000000
8.130000 0.026781 0.000000
8.140000 0.026628 0.000000
8.150000 0.026477 0.000000
8.160000 0.026326 0.000000
8.170000 0.026177 0.000000
8.180000 0.026028 0.000000
8.190000 0.025880 0.000000
8.200000 0.025732 0.000000
8.210000 0.025586 0.000000
8.220000 0.025440 0.000000
8.230000 0.025296 0.000000
8.240000 0.025152 0.000000
8.250000 0.025008 0.000000
8.260000 0.024866 0.000000
8.270000 0.024724 0.000000
8.280000 0.024583 0.000000
8.290000 0.024443 0.000000
8.300000 0.024304 0.000000
8.310000 0.024166 0.000000
8.320000 0.024028 0.000000
8.330000 0.023891 0.000000
8.340000 0.023755 0.000000
8.350000 0.023619 0.000000
8.360000 0.023485 0.000000
8.370000 0.023351 0.000000
8.380000 0.023218 0.000000
8.390000 0.023085 0.000000
8.400000 0.022954 0.000000
8.410000 0.022823 0.000000
8.420000 0.022692 0.000000
8.430000 0.022563 0.000000
8.440000 0.022434 0.000000
8.450000 0.022306 0.000000
8.460000 0.022179 0.000000
8.470000 0.022052 0.000000
8.480000 0.021926 0.000000
8.490000 0.021801 0.000000
8.500000 0.021676 0.000000
8.510000 0.021553 0.000000
8.520000 0.021429 0.000000
8.530000 0.021307 0.000000
8.540000 0.021185 0.000000
8.550000 0.021064 0.000000
8.560000 0.020944 0.000000
8.570000 0.020824 0.000000
8.580000 0.020705 0.000000
8.590000 0.020587 0.000000
8.600000 0.020469 0.000000
8.610000 0.020352 0.000000
8.620000 0.020235 0.000000
8.630000 0.020120 0.000000
8.640000 0.020005 0.000000
8.650000 0.019890 0.000000
8.660000 0.019776 0.000000
8.670000 0.019663 0.000000
8.680000 0.019551 0.000000
8.690000 0.019439 0.000000
8.700000 0.019327 0.000000
8.710000 0.019217 0.000000
8.720000 0.019107 0.000000
8.730000 0.018997 0.000000
8.740000 0.018888 0.000000
8.750000 0.018780 0.000000
8.760000 0.018673 0.000000
8.770000 0.018566 0.000000
8.780000 0.018459 0.000000
8.790000 0.018354 0.000000
8.800000 0.018248 0.000000
8.810000 0.018144 0.000000
8.820000 0.018040 0.000000
8.830000 0.017936 0.000000
8.840000 0.017833 0.000000
8.850000 0.017731 0.000000
8.860000 0.017630 0.000000
8.870000 0.017528 0.000000
8.880000 0.017428 0.000000
8.890000 0.017328 0.000000
8.900000 0.017228 0.000000
8.910000 0.017130 0.000000
8.920000 0.017031 0.000000
8.930000 0.016934 0.000000
8.940000 0.016836 0.000000
8.950000 0.016740 0.000000
8.960000 0.016644 0.000000
8.970000 0.016548 0.000000
8.980000 0.016453 0.000000
8.990000 0.016358 0.000000
9.000000 0.016264 0.000000
9.010000 0.016171 0.000000
9.020000 0.016078 0.000000
9.030000 0.015986 0.000000
9.040000 0.015894 0.000000
9.050000 0.015803 0.000000
9.060000 0.015712 0.000000
9.070000 0.015621 0.000000
9.080000 0.015532 0.000000
9.090000 0.015442 0.000000
9.100000 0.015354 0.000000
9.110000 0.015265 0.000000
9.120000 0.015177 0.000000
9.130000 0.015090 0.000000
9.140000 0.015003 0.000000
9.150000 0.014917 0.000000
9.160000 0.014831 0.000000
9.170000 0.014746 0.000000
9.180000 0.014661 0.000000
9.190000 0.014577 0.000000
9.200000 0.014493 0.000000
9.210000 0.014409 0.000000
9.220000 0.014326 0.000000
9.230000 0.014244 0.000000
9.240000 0.014162 0.000000
9.250000 0.014080 0.000000
9.260000 0.013999 0.000000
9.270000 0.013919 0.000000
9.280000 0.013838 0.000000
9.290000 0.013759 0.000000
9.300000 0.013679 0.000000
9.310000 0.013601 0.000000
9.320000 0.013522 0.000000
9.330000 0.013444 0.000000
9.340000 0.013367 0.000000
9.350000 0.013290 0.000000
9.360000 0.013213 0.000000
9.370000 0.013137 0.000000
9.380000 0.013061 0.000000
9.390000 0.012986 0.000000
9.400000 0.012911 0.000000
9.410000 0.012836 0.000000
9.420000 0.012762 0.000000
9.430000 0.012689 0.000000
9.440000 0.012616 0.000000
9.450000 0.012543 0.000000
9.460000 0.012470 0.000000
9.470000 0.012398 0.000000
9.480000 0.012327 0.000000
9.490000 0.012256 0.000000
9.500000 0.012185 0.000000
9.510000 0.012115 0.000000
9.520000 0.012045 0.000000
9.530000 0.011975 0.000000
9.540000 0.011906 0.000000
9.550000 0.011837 0.000000
9.560000 0.011769 0.000000
9.570000 0.011701 0.000000
9.580000 0.011633 0.000000
9.590000 0.011566 0.000000
9.600000 0.011499 0.000000
9.610000 0.011433 0.000000
9.620000 0.011367 0.000000
9.630000 0.011301 0.000000
9.640000 0.011236 0.000000
9.650000 0.011171 0.000000
9.660000 0.011106 0.000000
9.670000 0.011042 0.000000
9.680000 0.010978 0.000000
9.690000 0.010914 0.000000
9.700000 0.010851 0.000000
9.710000 0.010789 0.000000
9.720000 0.010726 0.000000
9.730000 0.010664 0.000000
9.740000 0.010602 0.000000
9.750000 0.010541 0.000000
9.760000 0.010480 0.000000
9.770000 0.010419 0.000000
9.780000 0.010359 0.000000
9.790000 0.010299 0.000000
9.800000 0.010239 0.000000
9.810000 0.010180 0.000000
9.820000 0.010121 0.000000
9.830000 0.010063 0.000000
9.840000 0.010004 0.000000
9.850000 0.009946 0.000000
9.860000 0.009889 0.000000
9.870000 0.009832 0.000000
9.880000 0.009775 0.000000
9.890000 0.009718 0.000000
9.900000 0.009662 0.000000
9.910000 0.009606 0.000000
9.920000 0.009550 0.000000
9.930000 0.009495 0.000000
9.940000 0.009440 0.000000
9.950000 0.009385 0.000000
9.960000 0.009330 0.000000
9.970000 0.009276 0.000000
9.980000 0.009223 0.000000
9.990000 0.009169 0.000000
10.000000 1.000000 0.000000
